date=2026-07-02T21:54:28Z
nodes=256 ranks=2048 ppn=8
nodelist=frontier[00037-00039,00041-00042,00050,00163,00165,00167,00294,00296-00298,00300,00426-00430,00549-00551,00556,00563,00672,00676-00678,00683,00809,00811-00814,00937-00938,00940-00942,01068-01069,01071,01189,01315,01323,01325-01326,01446,01576,01578,01580-01581,01595,01690,01703,01705,01710,01713,01832-01833,01837-01838,01955,01957,01963-01964,01967,02088,02091-02092,02211-02212,02218,02220-02221,02335-02336,02340-02341,02355,02464,02473-02474,02476,02481,02600-02601,02603,02605,02726-02727,02729,02737,02839,02852,02856,02867,02971,02973,02978,03099-03100,03104,03157,03223-03224,03226,03352-03353,03355,03382,03473,03478-03479,03481,03601,03606-03607,03609,03729,03734-03735,03737,03856,03862-03863,03984,03990-03991,04048,04113,04119-04120,04241,04246,04368,04373,04496,04501,04624,04629,04657,04752,04757,04880,04885,05008,05013,05137,05142,05264,05270,05282,05392,05396,05520,05524,05648,05653,05660,05776,05780,05904,05908,06033,06037,06160,06164,06416,06419,06544,06547,06672,06675,06800,06802,06928,06930,06936,07056,07058,07064,07184,07186,07192,07312,07314,07320,07454,07460,07573,07584,07586,07698,07713,07715,07736,07821,07840,07853,07875,07961,07967,08000,08095,08105,08126,08236,08244,08263,08274,08348,08357,08371,08379,08472,08479,08506,08599,08609,08620,08630,08735,08737,08739,08756,08764,08852,08856,08862,08881,08885,08984,08987,08990,09000,09004,09106,09108,09114,09126,09131,09237,09240,09250,09261,09273,09364,09366,09370,09388,10143,10149,10152,10154,10158]

Currently Loaded Modules:
  1) craype-x86-trento                10) cray-mpich/8.1.31
  2) libfabric/2.3.1                  11) cray-libsci/24.11.0
  3) craype-network-ofi               12) PrgEnv-cray/8.6.0
  4) perftools-base/24.11.0           13) Core/25.03
  5) xpmem/1.0.1-1.5_1_gfb6998056825  14) tmux/3.4
  6) cray-pmi/6.1.15                  15) darshan-runtime/3.4.6-mpi (E4S)
  7) cce/18.0.1                       16) hsi/default
  8) craype/2.7.33                    17) lfs-wrapper/0.0.1
  9) cray-dsmml/0.3.0                 18) DefApps

  Where:
   E4S:  E4S: Extreme-scale Scientific Software Stack (E4S) https://e4s.io/index.html

 

/var/spool/slurmd/job4932946/slurm_script: line 40: rocm-smi: command not found
